0
1,37,1
2,38,42,2
/
1
0,37,0
2,39,40,41,2
/
2
0,42,38,0
1,41,40,39,1
/
3
4,43,44,4
/
4
3,44,43,3
26,46,47,26
/
5
26,26
25,48,25
/
6
8,8
26,49,26
27,50,27
/
7
8,52,8
10,51,56,10
25,25
28,53,57,28
/
8
6,6
7,52,7
/
9
27,54,55,27
30,30
/
10
7,56,51,7
29,60,58,29
/
11
12,59,62,12
15,61,65,66,15
27,27
/
12
11,62,59,11
31,63,31
/
13
30,30
33,68,74,33
/
14
16,16
29,29
34,69,34
/
15
11,66,65,61,11
17,72,73,17
19,77,19
32,71,32
36,75,82,83,90,96,36
/
16

/
17
/
18
/
19
/
20
/
21
/
22
/
23
/
24
/
25
/
26
/
27
/
28
/
29
/
30
/
31
/
32
/
33
/
34
/
35
/
36
/
37
/
38
/
39
/
40
/
41
/
42
/
43
/
44
/
45
/
46
/
47
/
48
/
49
/
50
/
51
/
52
/
53
/
54
/
55
/
56
/
57
/
58
/
59
/
60
/
61
/
62
/
63
/
64
/
65
/
66
/
67
/
68
/
69
/
70
/
71
/
72
/
73
/
74
/
75
/
76
/
77
/
78
/
79
/
80
/
81
/
82
/
83
/
84
/
85
/
86
/
87
/
88
/
89
/
90
/
91
/
92
/
93
/
94
/
95
/
96
/
97
/
98
/
